============================================================
C CODE FOR main.c
============================================================

// Number of samples
#define NS 1000

// Sine Wave LUT
uint32_t Sin_LUT[NS] = {
    2048, 2060, 2073, 2086, 2099, 2112, 2125, 2138,
    2150, 2163, 2176, 2189, 2202, 2215, 2227, 2240,
    2253, 2266, 2279, 2291, 2304, 2317, 2330, 2342,
    2355, 2368, 2380, 2393, 2406, 2419, 2431, 2444,
    2456, 2469, 2482, 2494, 2507, 2519, 2532, 2544,
    2557, 2569, 2582, 2594, 2606, 2619, 2631, 2643,
    2656, 2668, 2680, 2692, 2705, 2717, 2729, 2741,
    2753, 2765, 2777, 2789, 2801, 2813, 2825, 2837,
    2849, 2861, 2872, 2884, 2896, 2908, 2919, 2931,
    2942, 2954, 2966, 2977, 2988, 3000, 3011, 3023,
    3034, 3045, 3056, 3068, 3079, 3090, 3101, 3112,
    3123, 3134, 3145, 3155, 3166, 3177, 3188, 3198,
    3209, 3220, 3230, 3241, 3251, 3261, 3272, 3282,
    3292, 3302, 3313, 3323, 3333, 3343, 3353, 3363,
    3372, 3382, 3392, 3402, 3411, 3421, 3430, 3440,
    3449, 3458, 3468, 3477, 3486, 3495, 3504, 3513,
    3522, 3531, 3540, 3549, 3558, 3566, 3575, 3583,
    3592, 3600, 3609, 3617, 3625, 3633, 3641, 3649,
    3657, 3665, 3673, 3681, 3689, 3696, 3704, 3711,
    3719, 3726, 3734, 3741, 3748, 3755, 3762, 3769,
    3776, 3783, 3790, 3797, 3803, 3810, 3816, 3823,
    3829, 3836, 3842, 3848, 3854, 3860, 3866, 3872,
    3878, 3883, 3889, 3895, 3900, 3906, 3911, 3916,
    3921, 3927, 3932, 3937, 3942, 3946, 3951, 3956,
    3961, 3965, 3970, 3974, 3978, 3983, 3987, 3991,
    3995, 3999, 4003, 4006, 4010, 4014, 4017, 4021,
    4024, 4027, 4031, 4034, 4037, 4040, 4043, 4046,
    4048, 4051, 4054, 4056, 4059, 4061, 4063, 4066,
    4068, 4070, 4072, 4074, 4075, 4077, 4079, 4080,
    4082, 4083, 4085, 4086, 4087, 4088, 4089, 4090,
    4091, 4092, 4092, 4093, 4094, 4094, 4094, 4095,
    4095, 4095, 4095, 4095, 4095, 4095, 4094, 4094,
    4094, 4093, 4092, 4092, 4091, 4090, 4089, 4088,
    4087, 4086, 4085, 4083, 4082, 4080, 4079, 4077,
    4075, 4074, 4072, 4070, 4068, 4066, 4063, 4061,
    4059, 4056, 4054, 4051, 4048, 4046, 4043, 4040,
    4037, 4034, 4031, 4027, 4024, 4021, 4017, 4014,
    4010, 4006, 4003, 3999, 3995, 3991, 3987, 3983,
    3978, 3974, 3970, 3965, 3961, 3956, 3951, 3946,
    3942, 3937, 3932, 3927, 3921, 3916, 3911, 3906,
    3900, 3895, 3889, 3883, 3878, 3872, 3866, 3860,
    3854, 3848, 3842, 3836, 3829, 3823, 3816, 3810,
    3803, 3797, 3790, 3783, 3776, 3769, 3762, 3755,
    3748, 3741, 3734, 3726, 3719, 3711, 3704, 3696,
    3689, 3681, 3673, 3665, 3657, 3649, 3641, 3633,
    3625, 3617, 3609, 3600, 3592, 3583, 3575, 3566,
    3558, 3549, 3540, 3531, 3522, 3513, 3504, 3495,
    3486, 3477, 3468, 3458, 3449, 3440, 3430, 3421,
    3411, 3402, 3392, 3382, 3372, 3363, 3353, 3343,
    3333, 3323, 3313, 3302, 3292, 3282, 3272, 3261,
    3251, 3241, 3230, 3220, 3209, 3198, 3188, 3177,
    3166, 3155, 3145, 3134, 3123, 3112, 3101, 3090,
    3079, 3068, 3056, 3045, 3034, 3023, 3011, 3000,
    2988, 2977, 2966, 2954, 2942, 2931, 2919, 2908,
    2896, 2884, 2872, 2861, 2849, 2837, 2825, 2813,
    2801, 2789, 2777, 2765, 2753, 2741, 2729, 2717,
    2705, 2692, 2680, 2668, 2656, 2643, 2631, 2619,
    2606, 2594, 2582, 2569, 2557, 2544, 2532, 2519,
    2507, 2494, 2482, 2469, 2456, 2444, 2431, 2419,
    2406, 2393, 2380, 2368, 2355, 2342, 2330, 2317,
    2304, 2291, 2279, 2266, 2253, 2240, 2227, 2215,
    2202, 2189, 2176, 2163, 2150, 2138, 2125, 2112,
    2099, 2086, 2073, 2060, 2048, 2035, 2022, 2009,
    1996, 1983, 1970, 1957, 1945, 1932, 1919, 1906,
    1893, 1880, 1868, 1855, 1842, 1829, 1816, 1804,
    1791, 1778, 1765, 1753, 1740, 1727, 1715, 1702,
    1689, 1676, 1664, 1651, 1639, 1626, 1613, 1601,
    1588, 1576, 1563, 1551, 1538, 1526, 1513, 1501,
    1489, 1476, 1464, 1452, 1439, 1427, 1415, 1403,
    1390, 1378, 1366, 1354, 1342, 1330, 1318, 1306,
    1294, 1282, 1270, 1258, 1246, 1234, 1223, 1211,
    1199, 1187, 1176, 1164, 1153, 1141, 1129, 1118,
    1107, 1095, 1084, 1072, 1061, 1050, 1039, 1027,
    1016, 1005, 994, 983, 972, 961, 950, 940,
    929, 918, 907, 897, 886, 875, 865, 854,
    844, 834, 823, 813, 803, 793, 782, 772,
    762, 752, 742, 732, 723, 713, 703, 693,
    684, 674, 665, 655, 646, 637, 627, 618,
    609, 600, 591, 582, 573, 564, 555, 546,
    537, 529, 520, 512, 503, 495, 486, 478,
    470, 462, 454, 446, 438, 430, 422, 414,
    406, 399, 391, 384, 376, 369, 361, 354,
    347, 340, 333, 326, 319, 312, 305, 298,
    292, 285, 279, 272, 266, 259, 253, 247,
    241, 235, 229, 223, 217, 212, 206, 200,
    195, 189, 184, 179, 174, 168, 163, 158,
    153, 149, 144, 139, 134, 130, 125, 121,
    117, 112, 108, 104, 100, 96, 92, 89,
    85, 81, 78, 74, 71, 68, 64, 61,
    58, 55, 52, 49, 47, 44, 41, 39,
    36, 34, 32, 29, 27, 25, 23, 21,
    20, 18, 16, 15, 13, 12, 10, 9,
    8, 7, 6, 5, 4, 3, 3, 2,
    1, 1, 1, 0, 0, 0, 0, 0,
    0, 0, 1, 1, 1, 2, 3, 3,
    4, 5, 6, 7, 8, 9, 10, 12,
    13, 15, 16, 18, 20, 21, 23, 25,
    27, 29, 32, 34, 36, 39, 41, 44,
    47, 49, 52, 55, 58, 61, 64, 68,
    71, 74, 78, 81, 85, 89, 92, 96,
    100, 104, 108, 112, 117, 121, 125, 130,
    134, 139, 144, 149, 153, 158, 163, 168,
    174, 179, 184, 189, 195, 200, 206, 212,
    217, 223, 229, 235, 241, 247, 253, 259,
    266, 272, 279, 285, 292, 298, 305, 312,
    319, 326, 333, 340, 347, 354, 361, 369,
    376, 384, 391, 399, 406, 414, 422, 430,
    438, 446, 454, 462, 470, 478, 486, 495,
    503, 512, 520, 529, 537, 546, 555, 564,
    573, 582, 591, 600, 609, 618, 627, 637,
    646, 655, 665, 674, 684, 693, 703, 713,
    723, 732, 742, 752, 762, 772, 782, 793,
    803, 813, 823, 834, 844, 854, 865, 875,
    886, 897, 907, 918, 929, 940, 950, 961,
    972, 983, 994, 1005, 1016, 1027, 1039, 1050,
    1061, 1072, 1084, 1095, 1107, 1118, 1129, 1141,
    1153, 1164, 1176, 1187, 1199, 1211, 1223, 1234,
    1246, 1258, 1270, 1282, 1294, 1306, 1318, 1330,
    1342, 1354, 1366, 1378, 1390, 1403, 1415, 1427,
    1439, 1452, 1464, 1476, 1489, 1501, 1513, 1526,
    1538, 1551, 1563, 1576, 1588, 1601, 1613, 1626,
    1639, 1651, 1664, 1676, 1689, 1702, 1715, 1727,
    1740, 1753, 1765, 1778, 1791, 1804, 1816, 1829,
    1842, 1855, 1868, 1880, 1893, 1906, 1919, 1932,
    1945, 1957, 1970, 1983, 1996, 2009, 2022, 2035
};

// Sawtooth Wave LUT
uint32_t Saw_LUT[NS] = {
    0, 4, 8, 12, 16, 20, 25, 29,
    33, 37, 41, 45, 49, 53, 57, 61,
    66, 70, 74, 78, 82, 86, 90, 94,
    98, 102, 107, 111, 115, 119, 123, 127,
    131, 135, 139, 143, 148, 152, 156, 160,
    164, 168, 172, 176, 180, 184, 189, 193,
    197, 201, 205, 209, 213, 217, 221, 225,
    230, 234, 238, 242, 246, 250, 254, 258,
    262, 266, 271, 275, 279, 283, 287, 291,
    295, 299, 303, 307, 312, 316, 320, 324,
    328, 332, 336, 340, 344, 348, 353, 357,
    361, 365, 369, 373, 377, 381, 385, 389,
    394, 398, 402, 406, 410, 414, 418, 422,
    426, 430, 435, 439, 443, 447, 451, 455,
    459, 463, 467, 471, 475, 480, 484, 488,
    492, 496, 500, 504, 508, 512, 516, 521,
    525, 529, 533, 537, 541, 545, 549, 553,
    557, 562, 566, 570, 574, 578, 582, 586,
    590, 594, 598, 603, 607, 611, 615, 619,
    623, 627, 631, 635, 639, 644, 648, 652,
    656, 660, 664, 668, 672, 676, 680, 685,
    689, 693, 697, 701, 705, 709, 713, 717,
    721, 726, 730, 734, 738, 742, 746, 750,
    754, 758, 762, 767, 771, 775, 779, 783,
    787, 791, 795, 799, 803, 808, 812, 816,
    820, 824, 828, 832, 836, 840, 844, 849,
    853, 857, 861, 865, 869, 873, 877, 881,
    885, 890, 894, 898, 902, 906, 910, 914,
    918, 922, 926, 930, 935, 939, 943, 947,
    951, 955, 959, 963, 967, 971, 976, 980,
    984, 988, 992, 996, 1000, 1004, 1008, 1012,
    1017, 1021, 1025, 1029, 1033, 1037, 1041, 1045,
    1049, 1053, 1058, 1062, 1066, 1070, 1074, 1078,
    1082, 1086, 1090, 1094, 1099, 1103, 1107, 1111,
    1115, 1119, 1123, 1127, 1131, 1135, 1140, 1144,
    1148, 1152, 1156, 1160, 1164, 1168, 1172, 1176,
    1181, 1185, 1189, 1193, 1197, 1201, 1205, 1209,
    1213, 1217, 1222, 1226, 1230, 1234, 1238, 1242,
    1246, 1250, 1254, 1258, 1263, 1267, 1271, 1275,
    1279, 1283, 1287, 1291, 1295, 1299, 1304, 1308,
    1312, 1316, 1320, 1324, 1328, 1332, 1336, 1340,
    1345, 1349, 1353, 1357, 1361, 1365, 1369, 1373,
    1377, 1381, 1385, 1390, 1394, 1398, 1402, 1406,
    1410, 1414, 1418, 1422, 1426, 1431, 1435, 1439,
    1443, 1447, 1451, 1455, 1459, 1463, 1467, 1472,
    1476, 1480, 1484, 1488, 1492, 1496, 1500, 1504,
    1508, 1513, 1517, 1521, 1525, 1529, 1533, 1537,
    1541, 1545, 1549, 1554, 1558, 1562, 1566, 1570,
    1574, 1578, 1582, 1586, 1590, 1595, 1599, 1603,
    1607, 1611, 1615, 1619, 1623, 1627, 1631, 1636,
    1640, 1644, 1648, 1652, 1656, 1660, 1664, 1668,
    1672, 1677, 1681, 1685, 1689, 1693, 1697, 1701,
    1705, 1709, 1713, 1718, 1722, 1726, 1730, 1734,
    1738, 1742, 1746, 1750, 1754, 1759, 1763, 1767,
    1771, 1775, 1779, 1783, 1787, 1791, 1795, 1800,
    1804, 1808, 1812, 1816, 1820, 1824, 1828, 1832,
    1836, 1840, 1845, 1849, 1853, 1857, 1861, 1865,
    1869, 1873, 1877, 1881, 1886, 1890, 1894, 1898,
    1902, 1906, 1910, 1914, 1918, 1922, 1927, 1931,
    1935, 1939, 1943, 1947, 1951, 1955, 1959, 1963,
    1968, 1972, 1976, 1980, 1984, 1988, 1992, 1996,
    2000, 2004, 2009, 2013, 2017, 2021, 2025, 2029,
    2033, 2037, 2041, 2045, 2050, 2054, 2058, 2062,
    2066, 2070, 2074, 2078, 2082, 2086, 2091, 2095,
    2099, 2103, 2107, 2111, 2115, 2119, 2123, 2127,
    2132, 2136, 2140, 2144, 2148, 2152, 2156, 2160,
    2164, 2168, 2173, 2177, 2181, 2185, 2189, 2193,
    2197, 2201, 2205, 2209, 2214, 2218, 2222, 2226,
    2230, 2234, 2238, 2242, 2246, 2250, 2255, 2259,
    2263, 2267, 2271, 2275, 2279, 2283, 2287, 2291,
    2295, 2300, 2304, 2308, 2312, 2316, 2320, 2324,
    2328, 2332, 2336, 2341, 2345, 2349, 2353, 2357,
    2361, 2365, 2369, 2373, 2377, 2382, 2386, 2390,
    2394, 2398, 2402, 2406, 2410, 2414, 2418, 2423,
    2427, 2431, 2435, 2439, 2443, 2447, 2451, 2455,
    2459, 2464, 2468, 2472, 2476, 2480, 2484, 2488,
    2492, 2496, 2500, 2505, 2509, 2513, 2517, 2521,
    2525, 2529, 2533, 2537, 2541, 2546, 2550, 2554,
    2558, 2562, 2566, 2570, 2574, 2578, 2582, 2587,
    2591, 2595, 2599, 2603, 2607, 2611, 2615, 2619,
    2623, 2628, 2632, 2636, 2640, 2644, 2648, 2652,
    2656, 2660, 2664, 2669, 2673, 2677, 2681, 2685,
    2689, 2693, 2697, 2701, 2705, 2710, 2714, 2718,
    2722, 2726, 2730, 2734, 2738, 2742, 2746, 2750,
    2755, 2759, 2763, 2767, 2771, 2775, 2779, 2783,
    2787, 2791, 2796, 2800, 2804, 2808, 2812, 2816,
    2820, 2824, 2828, 2832, 2837, 2841, 2845, 2849,
    2853, 2857, 2861, 2865, 2869, 2873, 2878, 2882,
    2886, 2890, 2894, 2898, 2902, 2906, 2910, 2914,
    2919, 2923, 2927, 2931, 2935, 2939, 2943, 2947,
    2951, 2955, 2960, 2964, 2968, 2972, 2976, 2980,
    2984, 2988, 2992, 2996, 3001, 3005, 3009, 3013,
    3017, 3021, 3025, 3029, 3033, 3037, 3042, 3046,
    3050, 3054, 3058, 3062, 3066, 3070, 3074, 3078,
    3083, 3087, 3091, 3095, 3099, 3103, 3107, 3111,
    3115, 3119, 3124, 3128, 3132, 3136, 3140, 3144,
    3148, 3152, 3156, 3160, 3165, 3169, 3173, 3177,
    3181, 3185, 3189, 3193, 3197, 3201, 3205, 3210,
    3214, 3218, 3222, 3226, 3230, 3234, 3238, 3242,
    3246, 3251, 3255, 3259, 3263, 3267, 3271, 3275,
    3279, 3283, 3287, 3292, 3296, 3300, 3304, 3308,
    3312, 3316, 3320, 3324, 3328, 3333, 3337, 3341,
    3345, 3349, 3353, 3357, 3361, 3365, 3369, 3374,
    3378, 3382, 3386, 3390, 3394, 3398, 3402, 3406,
    3410, 3415, 3419, 3423, 3427, 3431, 3435, 3439,
    3443, 3447, 3451, 3456, 3460, 3464, 3468, 3472,
    3476, 3480, 3484, 3488, 3492, 3497, 3501, 3505,
    3509, 3513, 3517, 3521, 3525, 3529, 3533, 3538,
    3542, 3546, 3550, 3554, 3558, 3562, 3566, 3570,
    3574, 3579, 3583, 3587, 3591, 3595, 3599, 3603,
    3607, 3611, 3615, 3620, 3624, 3628, 3632, 3636,
    3640, 3644, 3648, 3652, 3656, 3660, 3665, 3669,
    3673, 3677, 3681, 3685, 3689, 3693, 3697, 3701,
    3706, 3710, 3714, 3718, 3722, 3726, 3730, 3734,
    3738, 3742, 3747, 3751, 3755, 3759, 3763, 3767,
    3771, 3775, 3779, 3783, 3788, 3792, 3796, 3800,
    3804, 3808, 3812, 3816, 3820, 3824, 3829, 3833,
    3837, 3841, 3845, 3849, 3853, 3857, 3861, 3865,
    3870, 3874, 3878, 3882, 3886, 3890, 3894, 3898,
    3902, 3906, 3911, 3915, 3919, 3923, 3927, 3931,
    3935, 3939, 3943, 3947, 3952, 3956, 3960, 3964,
    3968, 3972, 3976, 3980, 3984, 3988, 3993, 3997,
    4001, 4005, 4009, 4013, 4017, 4021, 4025, 4029,
    4034, 4038, 4042, 4046, 4050, 4054, 4058, 4062,
    4066, 4070, 4075, 4079, 4083, 4087, 4091, 4095
};

// Triangle Wave LUT
uint32_t Triangle_LUT[NS] = {
    0, 8, 16, 25, 33, 41, 49, 57,
    66, 74, 82, 90, 98, 106, 115, 123,
    131, 139, 147, 156, 164, 172, 180, 188,
    197, 205, 213, 221, 229, 238, 246, 254,
    262, 270, 278, 287, 295, 303, 311, 319,
    328, 336, 344, 352, 360, 369, 377, 385,
    393, 401, 409, 418, 426, 434, 442, 450,
    459, 467, 475, 483, 491, 500, 508, 516,
    524, 532, 541, 549, 557, 565, 573, 581,
    590, 598, 606, 614, 622, 631, 639, 647,
    655, 663, 672, 680, 688, 696, 704, 713,
    721, 729, 737, 745, 753, 762, 770, 778,
    786, 794, 803, 811, 819, 827, 835, 844,
    852, 860, 868, 876, 885, 893, 901, 909,
    917, 925, 934, 942, 950, 958, 966, 975,
    983, 991, 999, 1007, 1016, 1024, 1032, 1040,
    1048, 1057, 1065, 1073, 1081, 1089, 1097, 1106,
    1114, 1122, 1130, 1138, 1147, 1155, 1163, 1171,
    1179, 1188, 1196, 1204, 1212, 1220, 1228, 1237,
    1245, 1253, 1261, 1269, 1278, 1286, 1294, 1302,
    1310, 1319, 1327, 1335, 1343, 1351, 1360, 1368,
    1376, 1384, 1392, 1400, 1409, 1417, 1425, 1433,
    1441, 1450, 1458, 1466, 1474, 1482, 1491, 1499,
    1507, 1515, 1523, 1532, 1540, 1548, 1556, 1564,
    1572, 1581, 1589, 1597, 1605, 1613, 1622, 1630,
    1638, 1646, 1654, 1663, 1671, 1679, 1687, 1695,
    1704, 1712, 1720, 1728, 1736, 1744, 1753, 1761,
    1769, 1777, 1785, 1794, 1802, 1810, 1818, 1826,
    1835, 1843, 1851, 1859, 1867, 1876, 1884, 1892,
    1900, 1908, 1916, 1925, 1933, 1941, 1949, 1957,
    1966, 1974, 1982, 1990, 1998, 2007, 2015, 2023,
    2031, 2039, 2048, 2056, 2064, 2072, 2080, 2088,
    2097, 2105, 2113, 2121, 2129, 2138, 2146, 2154,
    2162, 2170, 2179, 2187, 2195, 2203, 2211, 2219,
    2228, 2236, 2244, 2252, 2260, 2269, 2277, 2285,
    2293, 2301, 2310, 2318, 2326, 2334, 2342, 2351,
    2359, 2367, 2375, 2383, 2391, 2400, 2408, 2416,
    2424, 2432, 2441, 2449, 2457, 2465, 2473, 2482,
    2490, 2498, 2506, 2514, 2523, 2531, 2539, 2547,
    2555, 2563, 2572, 2580, 2588, 2596, 2604, 2613,
    2621, 2629, 2637, 2645, 2654, 2662, 2670, 2678,
    2686, 2695, 2703, 2711, 2719, 2727, 2735, 2744,
    2752, 2760, 2768, 2776, 2785, 2793, 2801, 2809,
    2817, 2826, 2834, 2842, 2850, 2858, 2866, 2875,
    2883, 2891, 2899, 2907, 2916, 2924, 2932, 2940,
    2948, 2957, 2965, 2973, 2981, 2989, 2998, 3006,
    3014, 3022, 3030, 3038, 3047, 3055, 3063, 3071,
    3079, 3088, 3096, 3104, 3112, 3120, 3129, 3137,
    3145, 3153, 3161, 3170, 3178, 3186, 3194, 3202,
    3210, 3219, 3227, 3235, 3243, 3251, 3260, 3268,
    3276, 3284, 3292, 3301, 3309, 3317, 3325, 3333,
    3342, 3350, 3358, 3366, 3374, 3382, 3391, 3399,
    3407, 3415, 3423, 3432, 3440, 3448, 3456, 3464,
    3473, 3481, 3489, 3497, 3505, 3514, 3522, 3530,
    3538, 3546, 3554, 3563, 3571, 3579, 3587, 3595,
    3604, 3612, 3620, 3628, 3636, 3645, 3653, 3661,
    3669, 3677, 3686, 3694, 3702, 3710, 3718, 3726,
    3735, 3743, 3751, 3759, 3767, 3776, 3784, 3792,
    3800, 3808, 3817, 3825, 3833, 3841, 3849, 3857,
    3866, 3874, 3882, 3890, 3898, 3907, 3915, 3923,
    3931, 3939, 3948, 3956, 3964, 3972, 3980, 3989,
    3997, 4005, 4013, 4021, 4029, 4038, 4046, 4054,
    4062, 4070, 4079, 4087, 4095, 4087, 4079, 4070,
    4062, 4054, 4046, 4038, 4029, 4021, 4013, 4005,
    3997, 3989, 3980, 3972, 3964, 3956, 3948, 3939,
    3931, 3923, 3915, 3907, 3898, 3890, 3882, 3874,
    3866, 3857, 3849, 3841, 3833, 3825, 3817, 3808,
    3800, 3792, 3784, 3776, 3767, 3759, 3751, 3743,
    3735, 3726, 3718, 3710, 3702, 3694, 3685, 3677,
    3669, 3661, 3653, 3645, 3636, 3628, 3620, 3612,
    3604, 3595, 3587, 3579, 3571, 3563, 3554, 3546,
    3538, 3530, 3522, 3514, 3505, 3497, 3489, 3481,
    3473, 3464, 3456, 3448, 3440, 3432, 3423, 3415,
    3407, 3399, 3391, 3382, 3374, 3366, 3358, 3350,
    3342, 3333, 3325, 3317, 3309, 3301, 3292, 3284,
    3276, 3268, 3260, 3251, 3243, 3235, 3227, 3219,
    3210, 3202, 3194, 3186, 3178, 3170, 3161, 3153,
    3145, 3137, 3129, 3120, 3112, 3104, 3096, 3088,
    3079, 3071, 3063, 3055, 3047, 3038, 3030, 3022,
    3014, 3006, 2998, 2989, 2981, 2973, 2965, 2957,
    2948, 2940, 2932, 2924, 2916, 2907, 2899, 2891,
    2883, 2875, 2866, 2858, 2850, 2842, 2834, 2826,
    2817, 2809, 2801, 2793, 2785, 2776, 2768, 2760,
    2752, 2744, 2735, 2727, 2719, 2711, 2703, 2695,
    2686, 2678, 2670, 2662, 2654, 2645, 2637, 2629,
    2621, 2613, 2604, 2596, 2588, 2580, 2572, 2563,
    2555, 2547, 2539, 2531, 2523, 2514, 2506, 2498,
    2490, 2482, 2473, 2465, 2457, 2449, 2441, 2432,
    2424, 2416, 2408, 2400, 2391, 2383, 2375, 2367,
    2359, 2351, 2342, 2334, 2326, 2318, 2310, 2301,
    2293, 2285, 2277, 2269, 2260, 2252, 2244, 2236,
    2228, 2219, 2211, 2203, 2195, 2187, 2179, 2170,
    2162, 2154, 2146, 2138, 2129, 2121, 2113, 2105,
    2097, 2088, 2080, 2072, 2064, 2056, 2048, 2039,
    2031, 2023, 2015, 2007, 1998, 1990, 1982, 1974,
    1966, 1957, 1949, 1941, 1933, 1925, 1916, 1908,
    1900, 1892, 1884, 1876, 1867, 1859, 1851, 1843,
    1835, 1826, 1818, 1810, 1802, 1794, 1785, 1777,
    1769, 1761, 1753, 1744, 1736, 1728, 1720, 1712,
    1704, 1695, 1687, 1679, 1671, 1663, 1654, 1646,
    1638, 1630, 1622, 1613, 1605, 1597, 1589, 1581,
    1572, 1564, 1556, 1548, 1540, 1532, 1523, 1515,
    1507, 1499, 1491, 1482, 1474, 1466, 1458, 1450,
    1441, 1433, 1425, 1417, 1409, 1400, 1392, 1384,
    1376, 1368, 1360, 1351, 1343, 1335, 1327, 1319,
    1310, 1302, 1294, 1286, 1278, 1269, 1261, 1253,
    1245, 1237, 1229, 1220, 1212, 1204, 1196, 1188,
    1179, 1171, 1163, 1155, 1147, 1138, 1130, 1122,
    1114, 1106, 1097, 1089, 1081, 1073, 1065, 1057,
    1048, 1040, 1032, 1024, 1016, 1007, 999, 991,
    983, 975, 966, 958, 950, 942, 934, 925,
    917, 909, 901, 893, 885, 876, 868, 860,
    852, 844, 835, 827, 819, 811, 803, 794,
    786, 778, 770, 762, 753, 745, 737, 729,
    721, 713, 704, 696, 688, 680, 672, 663,
    655, 647, 639, 631, 622, 614, 606, 598,
    590, 581, 573, 565, 557, 549, 541, 532,
    524, 516, 508, 500, 491, 483, 475, 467,
    459, 450, 442, 434, 426, 418, 410, 401,
    393, 385, 377, 369, 360, 352, 344, 336,
    328, 319, 311, 303, 295, 287, 278, 270,
    262, 254, 246, 238, 229, 221, 213, 205,
    197, 188, 180, 172, 164, 156, 147, 139,
    131, 123, 115, 106, 98, 90, 82, 74,
    66, 57, 49, 41, 33, 25, 16, 8
};

============================================================
Copy of the LUT for each waveform, they go to main.c
============================================================